Alumno: 72413816, Christian, 16, [19, 18], 20, 20, 20.0
Alumno: 72417555, JeanPierre, 16, [19, 18], 18, 19, 18.5
Alumno: 46512348, Gonzalo, 12, [17, 14], 14, 17, 15.5
Alumno: 65214525, Camila, 14, [16, 15], 17, 20, 18.5
Alumno: 15935765, Jose, 15, [20, 13], 13, 20, 16.5
Alumno: 52632114, Noemi, Noemi, [15, 17], 15, 17, 16.0
Alumno: 52636623, Juan, Juan, [4, 15, 18, 10], 4, 18, 11.75
Alumno: 15245522, Hiroko, 14, [17, 20], 17, 20, 18.5
Alumno: 45263212, Laura, 18, [20, 14, 11], 14, 15, 14.5
Alumno: 72415325, Gloria, 14, [15, 17], 15, 17, 16.0
Alumno: 72413881, Diana, 11, [17, 18], 17, 18, 17.5
